16221099999
94912099999
11976099999
08080099999
54808099999
91212041415
54493099999
06791099999
71949399999
68512099999
68438099999
87418099999
03136099999
94367099999
33924099999
68368099999
71905099999
60611099999
57290099999
78367011706
70296026410
07288099999
72592024257
72646314897
57426099999
57245099999
47545099999
47918099999
58338099999
72551014939
42492099999
71218099999
71716099999
41136099999
16105099999
83840099999
11423099999
94596099999
03031099999
47189099999
60515099999
07061099999
41218099999
80259099999
72208593831
02604099999
22802099999
48569099999
85488099999
72643014920
71402099999
70308025713
47587499999
03781099999
41314099999
07630099999
72310013883
36022099999
60468099999
16168099999
15549099999
71879499999
56751099999
36152099999
54096099999
57932099999
93845099999
02864099999
06110099999
03776099999
71725099999
95771099999
07412099999
02245099999
61988099999
28698099999
58556099999
53915099999
96465099999
38915099999
87467099999
06356099999
58238099999
60620099999
94317099999
70178026529
29726099999
03002099999
12560099999
06451099999
63740099999
71108099999
58926099999
72606014764
23226099999
01112099999
16522099999
11385099999
33562099999
72584523225
70341025507
71032099999
72566024028
85114099999
71378099999
06319099999
72475593129
08029099999
72247003901
10018099999
40439099999
71455099999
11464099999
54539099999
06786099999
43233099999
48900099999
71206099999
94874099999
58715099999
03214099999
76225399999
08562099999
94388099999
78774099999
28786099999
01047099999
71240099999
71734099999
94374099999
15421099999
94786099999
28879099999
44358099999
33008099999
52737099999
48356099999
43353099999
07299099999
48379099999
72614594705
94813099999
08594099999
56096099999
72688524152
06277099999
57297099999
54715099999
47707099999
40831099999
91182022521
71384099999
56029099999
71373099999
59456099999
56247099999
14324099999
26124099999
12424099999
25703099999
50468099999
47735099999
02944099999
86218099999
56080099999
40025099999
06340099999
24656099999
03263599999
71893699999
72655014926
88889099999
16682099999
54208099999
03672099999
38462099999
38353099999
47774099999
56004099999
03827099999
56152099999
87791099999
58730099999
42724099999
53614099999
50353099999
16245099999
64500099999
72235893919
27199099999
26038099999
08391099999
94926099999
40270099999
56691099999
12960099999
43284099999
71713099999
71949099999
11934099999
07168099999
59981099999
23849099999
07037099999
70063727406
38687099999
94102099999
06712099999
35217099999
47476099999
54386099999
56966099999
42131099999
02641099999
07169099999
47880099999
48376099999
72528014733
42809099999
56671099999
58314099999
42410099999
58424099999
26544099999
40437099999
38750099999
70361025339
06496099999
11457099999
02945099999
07150099999
47671099999
07530099999
15010099999
06734099999
72644014925
38457099999
35925099999
78700099999
48615099999
68054099999
72392523190
70261026411
98429099999
54826099999
71077499999
74718823158
29807099999
46740099999
57633099999
10935099999
56374099999
06782099999
01442099999
16718099999
03379099999
43333099999
56959099999
35173099999
71619099999
33791099999
07100099999
51133099999
58633099999
17056099999
16624099999
76342099999
06096099999
06252099999
72464523070
94302099999
93546099999
72259513911
43117099999
94840099999
15108099999
15480099999
72334013893
16206099999
12497099999
12566099999
68242099999
71928099999
07222099999
42369099999
48808099999
87509099999
71852099999
30230099999
94864099999
03911099999
47803099999
82704099999
10037099999
72360023051
54186099999
47991099999
94570099999
17060099999
94601099999
60141099999
70259026523
03633399999
72779024146
58731099999
48855099999
16239099999
95662099999
94893099999
47945099999
95458099999
55664099999
14008099999
76556099999
58208099999
58606099999
72248453905
02567099999
94672099999
12235099999
06104099999
82993099999
94927099999
57707099999
04030099999
11060099999
17112099999
59845099999
68842099999
36061099999
72207003822
96935099999
94300099999
72622394725
03684099999
72240513976
60714099999
03904099999
72456013996
72408013739
40080099999
16362099999
53391099999
16706099999
50953099999
70267026415
42071099999
08055099999
60107099999
12772099999
72539514833
57799099999
02966099999
11380099999
72698024229
94814099999
72529014768
72753014914
15450099999
35700099999
71953099999
54527099999
40394099999
38439099999
26275099999
44215099999
07110099999
26531099999
06275099999
28825099999
84123099999
32027099999
71264399999
71614099999
56786099999
47793099999
29698099999
52267099999
72666024029
72211012842
03059099999
72747014918
94203099999
22831099999
76525599999
72362723081
53149099999
59293099999
70389425367
72465023065
95664099999
47942099999
91413040308
91954099999
60005099999
06330099999
76399399999
91948099999
94580099999
72254013904
60419099999
71254099999
23405099999
67005099999
82917099999
94863099999
47786099999
54157099999
72777094012
47100099999
33466099999
94857099999
07480099999
48327099999
85140099999
06170099999
57494099999
82281099999
72434013994
94653099999
54374099999
57411099999
42779099999
47883099999
38763099999
59855099999
70219026615
71090099999
02124099999
02970099999
06689099999
12992099999
52996099999
71610099999
38507099999
94285099999
71832099999
71232099999
58847099999
51709099999
22563099999
22217099999
47569099999
72458593997
60590099999
11880099999
72476023066
42895099999
52203099999
60390099999
07434099999
94387099999
40785099999
06669099999
11021099999
15080099999
02644099999
72483023232
78397099999
68727099999
06041099999
76005399999
47135099999
72745394967
71376099999
53673099999
94651099999
72363023047
01452099999
42840099999
72231612958
15712099999
83971099999
14370099999
56969099999
91929099999
94335099999
07249099999
59254099999
71883099999
94817099999
59985099999
03302099999
40739099999
10853099999
54945099999
06456099999
72544014923
16754399999
72479694128
16470099999
96109099999
40712099999
11841099999
01492099999
72228013876
12851099999
47101099999
07438099999
03560099999
33658099999
36208099999
03605099999
48852099999
47192099999
35796099999
07770099999
27066099999
95646099999
10743099999
02590099999
55591099999
44239099999
94852099999
34601099999
10416099999
26730099999
96413099999
07560099999
60566099999
72248013957
72494023234
71137099999
13586099999
03313099999
17188099999
03693099999
72492623258
61090099999
16460099999
11927099999
85268099999
12843099999
26313099999
30385099999
58203099999
03346399999
71965099999
02456099999
40362099999
08314099999
70395025325
72532014842
57731099999
26141099999
56312099999
57127099999
87582099999
40736099999
12488099999
59663099999
02897099999
54929099999
95837099999
07180099999
35121099999
11149099999
14314099999
76625099999
47146099999
43110099999
08306099999
08524099999
12805099999
71230099999
94674099999
06267099999
94855099999
06280099999
29636099999
72495593227
47787099999
03158099999
06458099999
29253099999
94763099999
85418099999
72266013962
08002099999
16641099999
01102599999
72203812897
07335099999
48567099999
94925099999
02226099999
57178099999
52836099999
47688099999
12925099999
03917099999
52602099999
16643099999
34415099999
34691099999
07190099999
40743099999
14431099999
96033099999
54534099999
58265099999
51818099999
52436099999
03044099999
57279099999
27479099999
72654614946
14472099999
02458099999
62463099999
72572024127
48328099999
78641099999
82022099999
87925099999
50564099999
48679099999
72256013959
85289099999
02308099999
53192099999
56444099999
62463999999
29551099999
50136099999
08449013025
16459099999
30054099999
60360099999
15625099999
60748099999
16080099999
44212099999
03323399999
16744399999
06612099999
11310099999
10033099999
72253012921
94953099999
32121099999
72465593990
15460099999
94515099999
72440013995
72323513896
02293099999
12650099999
11978099999
94373099999
23412099999
02976099999
12280099999
33902099999
47790099999
16098099999
02355099999
53898099999
03803099999
60351099999
59209099999
15730099999
03865099999
71392099999
97126099999
38222099999
71251099999
40729099999
47128099999
07650099999
72793024233
67197099999
72557014943
87765099999
17042099999
02408099999
89611099999
01209099999
95867099999
47981099999
95677099999
28440099999
72655714910
94809099999
72351013966
54753099999
56294099999
11603099999
29231099999
06124099999
44352099999
64700099999
56079099999
78735099999
33946099999
72268023009
11938099999
72424303849
07643099999
96749099999
07075099999
56196099999
47808099999
40100099999
76390099999
26629099999
38413099999
38927099999
54836099999
76459399999
58362099999
23606099999
56586099999
71955099999
87162099999
72251012924
14447099999
94750099999
93196099999
60035099999
08545099999
07093099999
47110099999
60265099999
72332093862
72618514605
56571099999
94938099999
60580099999
60150099999
17124099999
71785099999
48378099999
06168099999
70251026528
40732099999
95676099999
41024099999
02446099999
48517099999
37171099999
68994099999
54843099999
02929099999
44265099999
22954099999
94682099999
47143099999
71909099999
50915099999
72791094224
91285021504
93780099999
62366099999
07586099999
62435099999
40745099999
06428099999
22867099999
95612099999
01241099999
07020099999
82824099999
60745099999
53975099999
54135099999
56763099999
11723099999
72597024225
72208013880
03160099999
53787099999
56167099999
91165022536
76412099999
94914099999
22721099999
15525099999
57447099999
01049099999
07645099999
85245099999
95687099999
61052099999
06030099999
94870099999
84203099999
36177099999
71056399999
29736099999
10136099999
48500099999
03144099999
47112099999
07240099999
72597524235
72655614992
48940099999
40875099999
14321099999
03318099999
43185099999
15014099999
59007099999
29612099999
12300099999
42647099999
72659014929
10343099999
41061099999
03673399999
12935099999
87129099999
72622794790
72287493134
83703099999
43279099999
15481099999
30710099999
72509014739
06120099999
02460099999
71719099999
06604099999
07235099999
57378099999
52818099999
51431099999
08433099999
03839099999
08558099999
17116099999
03224099999
41036099999
74718703104
57662099999
74486094789
72643514991
08085099999
24768099999
72488593102
94987099999
13116099999
71215099999
38198099999
06320099999
11636099999
72463523067
95960099999
72417613736
72429093815
95719099999
08011099999
57265099999
72753514919
21946099999
57853099999
01465099999
48920099999
72638714850
72773024153
71323099999
52754099999
40405099999
60769099999
33837099999
54497099999
07690099999
94566099999
32408099999
48431099999
72394023273
94826099999
47105099999
94552099999
03502099999
02476099999
78741099999
11012099999
94910099999
36003099999
07610099999
71222099999
02965099999
03924099999
96315099999
93515099999
94617099999
16008399999
07535099999
06240099999
11933099999
71805099999
76361599999
07635099999
38656099999
03008099999
12625099999
25551099999
72512614736
02571099999
06269099999
47771099999
72202012839
16148099999
57259099999
06670099999
57516099999
72383023187
87257099999
44232099999
24639099999
36639099999
08160099999
03066099999
71631099999
41084099999
95611099999
01062099999
26128099999
06159099999
72637914845
54324099999
71234099999
94830099999
72259793985
03462099999
53564099999
94569099999
11652099999
25400099999
01161099999
47122099999
51644099999
72381603159
72591024216
12195099999
01375599999
02575099999
95774099999
03377099999
94859099999
95610099999
06760099999
72650604840
11008099999
94711099999
16710099999
54751099999
38583099999
11152099999
11518099999
60735099999
56964099999
95770099999
34949099999
72402093739
94678099999
72326013891
53646099999
16687099999
41780099999
47121099999
12822099999
11520099999
60715099999
47936099999
56065099999
35078099999
59117099999
87576099999
06286099999
27595099999
94403099999
48375099999
44288099999
47156099999
72255012912
56033099999
10172099999
72677024033
53068099999
11698099999
76679399999
17184099999
57902099999
26509099999
03162099999
06052099999
15260099999
03418599999
22127099999
55773099999
71081099999
03857099999
08227099999
11679099999
08045099999
12570099999
45011099999
12250099999
33393099999
72267023042
08181099999
58040099999
12870099999
36911099999
30859099999
44305099999
95551099999
72323003856
34300099999
93110099999
42361099999
60015099999
03148099999
16550099999
85223099999
35108099999
27947099999
58367099999
72425003860
78708099999
94727099999
02982099999
71428099999
14105099999
59082099999
16153099999
87648099999
72309013754
72521014895
72495723213
87803099999
71453099999
17300099999
07181099999
95704099999
72688024155
48620099999
78637099999
82398099999
57816099999
94980099999
72458013984
72231012916
06450099999
48353099999
91925099999
34336099999
06759099999
76695099999
40582099999
72548514940
06251099999
58321099999
38987099999
47591099999
60338099999
28984099999
72254413958
91958099999
40762099999
22845099999
03955099999
38799099999
72768094008
47789099999
72241612971
24856099999
72734014847
58527099999
94875099999
72386023169
72565003017
44259099999
72526014860
57083099999
02974099999
54342499999
11710099999
72341993992
72681024131
03908499999
59658099999
72380523179
95667099999
95634099999
16627099999
72637014826
83899099999
03026099999
02801099999
35671099999
78627099999
93498099999
29602099999
85364099999
48377099999
51288099999
04250099999
72784624160
94150099999
60033099999
02611099999
44373099999
11509099999
31300099999
08540099999
26666099999
57306099999
48300099999
44314099999
06273099999
16242099999
72429793812
26422599999
40766099999
08482099999
15120099999
72502014734
72494523293
01122099999
76848599999
59632099999
22676099999
06081099999
56954099999
07120099999
91683099999
38611099999
71808099999
08202099999
10334099999
78663099999
32069099999
74740013973
03482099999
71836099999
94998099999
47489099999
71487099999
72417713734
72250612959
60765099999
72775024143
02875099999
94691099999
72569024089
53845099999
54311099999
57832099999
68538099999
76255599999
40360099999
07125099999
71207099999
11075099999
03226099999
03275099999
72223013894
08575099999
72546514950
03590099999
35188099999
33377099999
02628099999
31915099999
12150099999
76749399999
68828099999
31873099999
95753099999
47138099999
01052099999
58931099999
72434503966
11916099999
15280099999
11930099999
53543099999
15502099999
26059099999
58345099999
34560099999
76394399999
72543094822
72349513987
71270099999
72290023188
72308013737
74702023110
97180099999
54342099999
08536099999
28952099999
48565099999
47788099999
47830099999
86530099999
58944099999
03808099999
53352099999
42182099999
11918099999
31909099999
64910099999
72252312970
93709099999
03163499999
06348099999
94703099999
16191099999
94568099999
94594099999
02485399999
10616099999
93186099999
07481099999
02247099999
94614099999
02981099999
47794099999
78862099999
86360099999
14443099999
47165099999
71131099999
01384099999
94843099999
72508014740
14330099999
06119099999
72261022010
33177099999
03405099999
71371099999
78762099999
94898099999
71103099999
27113099999
76612799999
03507099999
47872099999
47133099999
76001399999
30499099999
07600099999
35532099999
94610099999
06344099999
28214099999
89002099999
93373099999
48480099999
71313099999
71966099999
47686099999
58102099999
85469099999
47159099999
07139099999
03647099999
72250012919
03171099999
85123099999
16531099999
96471099999
26502099999
06375099999
08330099999
94268099999
50788099999
31474099999
15600099999
40703099999
07217099999
54226099999
02972099999
14216099999
54401099999
72313993729
72396593209
06783099999
15470099999
31624099999
40800099999
51156099999
47155099999
72403093738
06108099999
33135099999
41316099999
60525099999
89564099999
47634099999
76423599999
72219013874
72617014742
10335099999
54273099999
55279099999
85682099999
47115099999
71933099999
68916099999
71444099999
53336099999
72414013866
08548099999
12375099999
43063099999
16560099999
17203099999
78073099999
47184099999
53863099999
56985099999
74594493784
78647099999
54026099999
70316025624
01010099999
94553099999
01311099999
06350099999
56651099999
11659099999
47852099999
38880099999
87497099999
94131099999
34009099999
91680099999
40848099999
72314013881
51711099999
24641099999
54511099999
06610099999
72315003812
60750099999
12910099999
61980099999
38696099999
96481099999
03520099999
60001099999
94592099999
72428693824
33325099999
38341099999
02154099999
71957099999
59493099999
02453099999
11567099999
95708099999
72263023034
12500099999
87121099999
57036099999
07579099999
53231099999
48475099999
54776099999
01310099999
47810099999
31987099999
94575099999
95931099999
76904399999
94170099999
94365099999
38565099999
71035499999
12882099999
94865099999
31253099999
86580099999
03005099999
94957099999
02435099999
94578099999
72265023023
57993099999
95806099999
02044099999
94752099999
08505099999
03976099999
28642099999
04231099999
36428099999
12530099999
72308513750
30758099999
83349099999
94204099999
78583099999
38388099999
08373099999
28867099999
07486099999
72372323184
71430099999
15420099999
10426099999
72658014922
40357099999
03715099999
24266099999
72745014913
29923099999
50745099999
58506099999
36535099999
71783099999
03265099999
03970099999
94866099999
95765099999
44284099999
50632099999
71139099999
82899099999
06449099999
62333099999
12495099999
33345099999
04270099999
15552099999
33631099999
23418099999
48097099999
29524099999
94854099999
72524014820
27665099999
95666099999
04202099999
11255099999
53513099999
55472099999
95572099999
03915099999
07632099999
08025099999
07524099999
54916099999
40420099999
54308099999
60630599999
72374023194
50844099999
03768399999
42667099999
06680099999
23472099999
06770099999
41114099999
72306013722
70133026616
94776099999
46686099999
95448099999
57866099999
76286399999
42798099999
72311013873
59644099999
56357099999
12399099999
02844099999
78717099999
72240003937
47844099999
52495099999
47881099999
72638094814
60101099999
47425099999
07588099999
87178099999
72218003820
07747099999
06724099999
47933042215
15335099999
59431099999
42328099999
94684099999
71456099999
60670099999
43198099999
76843099999
85247099999
06700099999
07157099999
11766099999
72519014771
94860099999
52713099999
72391093111
95726099999
72734714841
60445099999
76549399999
59287099999
16066099999
08027099999
42111099999
54863099999
93527099999
06270099999
72552014935
60252099999
72480023157
51379099999
36058099999
34504099999
60030099999
51463099999
54292099999
16632099999
03761099999
47909099999
43321099999
71211099999
72274023160
02520099999
07503099999
43213099999
46696099999
03746099999
94766099999
64450099999
38974099999
07130099999
07330099999
94712099999
50983099999
47930099999
48803099999
16726399999
47855099999
44294099999
15292099999
03971099999
31418099999
17160099999
72206593837
41194099999
52418099999
35426099999
47658099999
06058099999
47515099999
10439099999
42101099999
94637099999
45007099999
04082099999
72651014944
28722099999
48694099999
51765099999
94767099999
95835099999
62405099999
71863099999
33317099999
72513014777
60549099999
02049099999
80028099999
82332099999
08410099999
94802099999
47170099999
85041099999
76405699999
03544099999
94956099999
72297023129
42348099999
11826099999
94620099999
55299099999
54161099999
38264099999
71914599999
10038099999
48887099999
02836099999
70326025503
72226013895
01223099999
72438614835
06720099999
71891099999
02428399999
02464099999
27369099999
60025099999
08534099999
94962099999
57554099999
59838099999
13462099999
58666099999
95961099999
50854099999
23426099999
71452099999
42701099999
16520099999
57193099999
40361099999
07627099999
27518599999
57957099999
08560099999
29634099999
71379099999
57845099999
03140099999
60559099999
47153099999
51777099999
71841099999
57776099999
72693024221
30823099999
54049099999
43192099999
60581099999
72270023044
72356013968
50756099999
94212099999
08184099999
47483099999
82111099999
38262099999
97048099999
72767624013
01494099999
11357099999
94510099999
47854099999
34858099999
72677624036
71851099999
30622099999
47474099999
10614099999
03023099999
94612099999
26145099999
56018099999
72446003947
71265099999
72520094823
78792099999
08001099999
23955099999
47583099999
72228713871
72530094846
14654099999
72688624130
62387099999
38613099999
94608099999
47727099999
47108099999
12295099999
72222313899
29937099999
08140099999
72548094910
16723099999
41198099999
47779099999
71447099999
26167099999
67095099999
11782099999
94765099999
33663099999
71882099999
76613399999
01059099999
01415099999
29328099999
59102099999
71114099999
72503014732
72205012815
71154099999
47927699999
07306099999
91753099999
15350099999
72217003813
12839099999
89571099999
94749099999
08042099999
57922099999
36038099999
94935099999
47152099999
85799099999
29282099999
29631099999
33761099999
03809099999
43329099999
72370093167
72324013882
71611099999
87453099999
72244813972
53798099999
26702099999
01400099999
53487099999
47840099999
12520099999
40430099999
71262599999
14652099999
71768099999
04063099999
72417013729
72645014898
68618099999
94659099999
71034899999
28766099999
86565099999
71620099999
51886099999
71701099999
74230024037
76658099999
53764099999
20891099999
25913099999
06590099999
02958099999
71116099999
28541099999
78255099999
06490099999
07607099999
70174026533
11855099999
82317099999
53923099999
93119099999
72235003940
76601399999
06190099999
94588099999
47799099999
01317099999
57237099999
57793099999
10126099999
47643099999
94921099999
47857099999
72438093819
24962099999
72252612947
71450099999
94960099999
26629599999
40199099999
03604099999
94743099999
02562099999
47490099999
76577399999
85244099999
02869099999
03047099999
60775099999
07667099999
08141099999
53593099999
15614099999
59501099999
58754099999
03100099999
48870099999
58472099999
02267099999
54027099999
78224099999
72785024157
72550014942
14474099999
62318099999
87860099999
03658099999
06283099999
83612099999
96449099999
02418099999
62420099999
60230099999
60511099999
94889099999
76665599999
72412003872
53588099999
03091099999
70200026617
47747399999
53723099999
57461099999
72578024156
47488099999
02807099999
38392099999
08023099999
11816099999
08084099999
10866099999
72214093805
94891099999
72556014941
16742099999
59673099999
50968099999
51076099999
52787099999
56046099999
51463599999
44313099999
02036099999
03003099999
17375099999
16181099999
16122099999
80022099999
87645099999
87344099999
71868099999
31123099999
94968099999
41196099999
84691099999
11643099999
15410099999
84377099999
72747694961
72485523153
72641014837
94647099999
71723099999
16140099999
03316099999
72307513769
02952099999
10613099999
12982099999
72234013865
36859099999
11270099999
48848099999
35746099999
87166099999
85442099999
97014099999
76253099999
48331099999
76775599999
71881099999
38683099999
72407513735
70273026451
72201012836
72744014858
91176022519
76160099999
72213713878
47129099999
07153099999
71775099999
10727599999
33275099999
68424099999
47850099999
56951099999
53463099999
71475099999
29313099999
71511099999
71910099999
72797094240
41150099999
12860099999
23552099999
26406099999
06011099999
07622099999
56886099999
40754099999
02550099999
72327013897
56146099999
72504094702
72792594227
94930099999
03354099999
72451013985
11487099999
72782594239
72584793230
08021099999
12950099999
01025099999
03063099999
07500099999
01347099999
24966099999
83746099999
47687099999
48806099999
07145099999
54405099999
06762099999
26063099999
44354099999
82599099999
94675099999
54618099999
76305099999
82579099999
03571599999
47704099999
95913099999
71170099999
06193099999
93678099999
14454099999
72464093058
72309693727
24944099999
72535014848
83928099999
72435003816
13457099999
08280099999
47481099999
54377099999
71625099999
56768099999
95969099999
51828099999
03691399999
02947099999
13462499999
94298099999
56778099999
65344099999
01023099999
07055099999
72694024232
95916099999
47119099999
43003099999
47815099999
12580099999
48826099999
59058099999
08284099999
72450713981
96996099999
03391099999
72353013967
94846099999
44256099999
06681099999
06010099999
31878099999
44292099999
41246099999
47882099999
94878099999
40180099999
51730099999
16310099999
38806099999
95896099999
57328099999
57598099999
94312099999
47836099999
48665099999
83827099999
72268793033
85934099999
40811099999
91190022516
02625099999
07602099999
13353099999
96421099999
83378099999
83248099999
07143099999
44285099999
59023099999
37054099999
57067099999
94820099999
47553099999
43295099999
85406099999
53772099999
72259003927
93245099999
72703314609
40809099999
03891599999
85201099999
16650099999
11358099999
06380099999
96491099999
93831099999
02670099999
72384023155
08521099999
56462099999
58027099999
48877099999
11774099999
57584099999
03953099999
07765099999
07646099999
14441099999
72781024243
07385099999
54236099999
87828099999
02935099999
85315099999
16158099999
33347099999
58813099999
47136099999
72290693112
72580524172
02913099999
38149099999
72407093730
72635094860
02562599999
76691399999
71829099999
76075399999
01151099999
48657099999
16597099999
72518014735
60710099999
72486023154
94217099999
72546014933
08397099999
38328099999
24726099999
51542099999
11968099999
16749099999
41055099999
03529099999
83721099999
72514014778
71368099999
71482099999
03534099999
56684099999
17601099999
72367723054
41217099999
55696099999
03916099999
60740399999
72578524145
71710099999
72439093822
27037099999
03373599999
76571099999
03212099999
72792024227
68816099999
83649099999
50949099999
04285099999
40340099999
23933099999
76743399999
94970099999
35067099999
20087099999
71623099999
48462099999
58437099999
02366099999
10502099999
72421093814
03204099999
71441099999
53705099999
78703099999
95527099999
72201512850
71898099999
12435099999
72295023174
87692099999
85207099999
01210099999
72712014607
48914099999
94907099999
17237099999
95205099999
28966099999
96073099999
06180099999
72344013964
47715099999
58725099999
48820099999
14462099999
54094099999
71415099999
94919099999
95307099999
03766399999
02805099999
54857099999
06278099999
58477099999
60680599999
53083099999
72401013740
44225099999
94128099999
59316099999
40272099999
56106099999
06660099999
72450003928
94461099999
08223099999
97230099999
44230099999
72605014745
56144099999
34123099999
16684099999
53529099999
94216099999
22887099999
61984099999
95758099999
72244693987
47783099999
72767094014
71966599999
26258099999
06070099999
44272099999
72536614825
72405013743
71035699999
38062099999
11683099999
06630399999
33711099999
08015099999
01115099999
11280099999
94913099999
27373099999
11624099999
94346099999
33614099999
72356693950
71425099999
71133099999
14444099999
53959099999
07510099999
16490099999
38895099999
01367099999
12892099999
51716099999
56385099999
47929099999
03075099999
94287099999
87938099999
12510099999
12385099999
47095099999
71383099999
72265623040
38616099999
68240099999
94850099999
93773099999
44282099999
15310099999
83768099999
60040099999
72406093721
72292603154
01162099999
08430099999
16280099999
91938099999
76394099999
33983099999
54602099999
93947099999
35302099999
72594524283
35416099999
85196099999
35229099999
94602099999
48381099999
20674099999
52681099999
53698099999
35953099999
22235099999
17370099999
16059099999
54436099999
33301099999
01116099999
03683099999
71612099999
29838099999
94836099999
95773099999
94768099999
71510099999
33429099999
72225593842
48354099999
15346099999
70362025335
67027099999
33506099999
35497099999
03969099999
51243099999
16746099999
72248613942
72582524121
76405599999
15150099999
47856099999
07207099999
16405099999
47131099999
04048099999
64400099999
44241099999
76855699999
21824099999
10856099999
95716099999
04089099999
72533014827
76738399999
15640099999
54259099999
83780099999
91590099999
44277099999
94995099999
72341813977
07558099999
47162099999
44207099999
07648099999
71244099999
37000899999
61974099999
10437499999
71147099999
95715099999
72248713935
87289099999
52908099999
87311099999
50434099999
96035099999
76675399999
35849099999
74671693808
50978099999
87155099999
43237099999
42675099999
15360099999
38812099999
94842099999
22113099999
16324099999
54725099999
44304099999
47130099999
72210612835
08221099999
71122099999
30764099999
94206099999
82098099999
27459099999
24959099999
94363099999
50603099999
12970099999
11082099999
84686099999
57071099999
54471099999
72423093821
27515599999
94983099999
50548099999
36974099999
03743099999
06310099999
56172099999
59265099999
94609099999
70350025501
93309099999
16108099999
02915099999
57476099999
53276099999
56287099999
17609099999
03840099999
06478099999
70340025506
61641099999
71486099999
87623099999
53502099999
33415099999
23884099999
44203099999
94549099999
50888099999
72639094849
94892099999
72365023050
72574424027
72206013889
02942099999
40375099999
08509099999
41571099999
38001099999
12120099999
72203012844
42867099999
52533099999
72255512935
23631099999
72428014821
03894099999
58569099999
38647099999
56257099999
50963099999
56021099999
08261099999
44218099999
11628099999
47090099999
72583024128
40841099999
47887099999
01183099999
17600099999
71890099999
16667099999
60725099999
95638099999
72683094185
07028099999
71385099999
08495099999
38545099999
48303099999
61967070701
02672099999
31088099999
76350399999
65503099999
03853099999
41288099999
47168099999
72243012960
44237099999
71203099999
26058099999
11438099999
94604099999
53480099999
56977099999
71627999999
61990099999
96441099999
52652099999
72797624217
15247099999
48698099999
10476099999
71443099999
40856099999
22408099999
52866099999
11692099999
24738099999
68442099999
16320099999
60156099999
91557099999
30673099999
60475099999
71148099999
71479099999
13578099999
57399099999
72389093193
59046099999
06771099999
51467099999
03210099999
87217099999
44336099999
12942099999
61291099999
06794099999
93929099999
28411099999
67083099999
47853099999
71459099999
72536094830
02636099999
72636014840
16726099999
01403099999
06060099999
72312003870
11351099999
72308693741
83552099999
47743099999
95625099999
47675099999
93439099999
72309593719
89532099999
03068099999
11538099999
72452003957
57687099999
31921099999
08451099999
72666524062
31594099999
38232099999
47140099999
76805699999
71944099999
71599099999
84117099999
87097099999
71448099999
94969099999
87046099999
43245099999
71095099999
48845099999
72422093820
47441099999
42737099999
10837099999
29263099999
11787099999
62306099999
07591099999
56492099999
03962099999
94573099999
87022099999
72278023183
29348099999
48840099999
48583099999
27083099999
08224099999
08567099999
76685099999
54662099999
12915099999
58251099999
47870099999
93404099999
28785499999
57348099999
51087099999
68461099999
94755099999
23929099999
02664099999
35394099999
87548099999
03414099999
59948099999
62455099999
72466093037
03240099999
54527399999
47648099999
11382099999
06628099999
06407099999
59278099999
94238099999
43201099999
16726499999
31735099999
07002099999
38774099999
06279099999
87715099999
42339099999
40769099999
71733099999
34712099999
93800099999
06792099999
59096099999
94811099999
43344099999
11018099999
03740099999
33041099999
47683099999
26114899999
84452099999
01271099999
01408099999
72792394225
17295099999
60740099999
48351099999
60607099999
72547094908
48400099999
94638099999
72662024090
38618099999
06639099999
57766099999
34929099999
94754099999
08512099999
72564024018
26997099999
72432093817
02574099999
43041099999
94294099999
59417099999
59087099999
30935099999
71866099999
40400099999
30393099999
33587099999
03292099999
95481099999
72564524022
03034099999
54012099999
72212012833
47837099999
76758499999
03321099999
72526604751
41641099999
51811099999
38579099999
60555099999
47709099999
31004099999
41112099999
03772099999
14438099999
24951099999
94872099999
94681099999
12200099999
56946099999
06616099999
76653499999
78666099999
91843099999
55578099999
72253312962
48830099999
03768099999
76726099999
76654699999
94326099999
08515099999
07552099999
50727099999
26135099999
20744099999
94996099999
20069099999
43014099999
78264099999
22602099999
03649099999
71725599999
70381025309
08541099999
96171099999
71524099999
12105099999
94381099999
56182099999
72411013741
95957099999
06756099999
03385099999
35085099999
02526099999
12135099999
08175099999
72640014839
72764024011
11406099999
56116099999
60760099999
50658099999
23987099999
71551099999
56748099999
02845099999
11078099999
22892099999
72492723285
02186099999
47927099999
57745099999
59134099999
11252099999
72534014819
16120099999
58921099999
08487099999
17170099999
07621099999
76539099999
47549099999
72458603919
03980099999
38396099999
08075099999
50774099999
03882099999
54102099999
72515004725
16170099999
71721099999
71828099999
94125099999
62393099999
22820099999
71884099999
04018016201
95909099999
43450099999
71607099999
71473599999
03132099999
01152099999
95972099999
03469099999
06118099999
03895099999
48532099999
06370099999
11130099999
60656099999
31981099999
29654099999
06080099999
95807099999
02823099999
41140099999
60490099999
24724099999
48551099999
76750099999
51495099999
48839099999
54218099999
40706099999
72507014765
03862099999
42754099999
64650099999
07147099999
71200099999
26242099999
08554099999
48330099999
34247099999
42909099999
47479099999
48432099999
03017099999
52323099999
40373099999
71712099999
71034999999
03135099999
94791099999
48407099999
70274025331
30372099999
02635099999
93781099999
47851099999
06391099999
04013099999
11034099999
94729099999
12812099999
12160099999
47182099999
16270099999
83755099999
72310613744
72503794745
68032099999
42452099999
42971099999
03243399999
12115099999
32150099999
43128099999
54115099999
06181099999
86582399999
87395099999
47542099999
51334099999
78457099999
03866099999
31484099999
27928099999
06400099999
70371025333
72412503859
15023099999
41128099999
57655099999
40356099999
56838099999
47106099999
71726099999
02917099999
51656099999
71069099999
33088099999
80222099999
85574099999
41256099999
57046099999
58457099999
07040099999
30309099999
72403513773
72381523161
44214099999
12330099999
72545014990
60531099999
07761099999
07260099999
07754099999
23022099999
71372099999
71811099999
50557099999
44231099999
43555099999
12270099999
58834099999
07491099999
11292099999
72562024023
24923099999
03257099999
06730099999
01088099999
72654014936
57972099999
24688099999
31369099999
16754099999
72317013723
26247099999
70231026510
08570099999
57916099999
07057099999
71776099999
03876099999
36034099999
08501099999
29418099999
94555099999
81405099999
59072099999
36021099999
94600099999
12205099999
70362625323
54337099999
29430099999
06643099999
47434099999
71150099999
03710099999
16719399999
47782099999
71457099999
15020099999
51573099999
56137099999
72537094847
07205099999
02924099999
16216099999
72586724133
17150099999
72539014836
94137099999
51053099999
95678099999
61902099999
94715099999
85365099999
47114099999
03749099999
14428099999
70271026425
29642099999
08419099999
72352593986
72488023185
11993099999
72404013721
41170099999
72553394957
06750099999
15200099999
94828099999
12400099999
11502099999
54823099999
48918099999
31801099999
33261099999
94120099999
31371099999
43371099999
11414099999
03392099999
47655099999
02963099999
72525014852
93023099999
61995099999
85043099999
60571099999
93292099999
94821099999
06235099999
07497099999
44347099999
60640099999
71101099999
58911099999
12600099999
72340313963
08360099999
44213099999
38911099999
01141099999
11867099999
06479099999
37864099999
71242099999
70398025308
94822099999
23256099999
16420099999
72222503855
44298099999
07475099999
94881099999
15655099999
72221513884
07647099999
72410013733
58646099999
47557099999
16429099999
15145099999
37001099999
01217099999
06753099999
15090099999
07146099999
48477099999
54423099999
29766099999
35406099999
56739099999
71488099999
71454099999
13272099999
47681099999
72517014737
11858099999
17292099999
33838799999
03724399999
93597099999
94332099999
23966099999
02874099999
16076099999
02911099999
03266099999
15525399999
03334099999
59211099999
78705099999
72698824219
06672099999
03923099999
54909099999
60115099999
28225099999
38403099999
03707099999
55228099999
07374099999
54346099999
72241012917
28493599999
02286099999
38345099999
11693099999
83587099999
38886099999
98753099999
48455099999
48601099999
94975099999
07005099999
72745594931
01484399999
71261099999
